Dates,Imported,Community,Dorm,Total
14 Feb,7,16,25,48
15 Feb,3,15,47,65
16 Feb,7,24,50,81
17 Feb,10,35,49,94
18 Feb,6,7,33,46
19 Feb,5,13,45,63
20 Feb,14,6,17,37
21 Feb,9,5,10,24
22 Feb,5,3,12,20
23 Feb,2,23,29,54
24 Feb,9,14,39,62
25 Feb,15,15,41,71
26 Feb,10,23,18,51
27 Feb,6,19,35,60