Dates,Imported,Community,Dorm,Total
13 Apr,14,0,0,14
14 Apr,26,1,0,27
15 Apr,16,0,0,16
16 Apr,32,2,0,34
17 Apr,35,4,0,39
18 Apr,22,1,0,23
19 Apr,19,1,0,20
20 Apr,13,0,1,14
21 Apr,14,1,0,15
22 Apr,22,1,1,24
23 Apr,36,2,1,39
24 Apr,18,5,0,23
25 Apr,40,0,0,40
26 Apr,43,1,1,45
27 Apr,11,1,0,12

28 Apr,20,3,0,23

29 Apr,19,16,0,35
